1 0.85625 0.829167 0.854167 0.83125 0.847917 0.83125 0.847917 0.833333 0.845833 0.835417 0.845833 0.847917 0.860417 0.8625 0.8625 0.8625 0.864583 0.864583 0.875 0.864583 0.877083 0.8625 0.88125 0.8625 0.88125 0.860417 0.885417 0.85625 0.885417 0.852083 0.8875 0.85 0.8875 0.84375 0.885417 0.841667 0.885417 0.839583 0.883333 0.8375 0.883333 0.835417 0.86875 0.835417 0.8625 0.829167
1 0.914583 0.789583 0.9125 0.791667 0.910417 0.791667 0.910417 0.795833 0.908333 0.797917 0.908333 0.80625 0.90625 0.808333 0.904167 0.80625 0.904167 0.802083 0.902083 0.802083 0.895833 0.795833 0.891667 0.795833 0.889583 0.797917 0.885417 0.797917 0.883333 0.8 0.879167 0.8 0.877083 0.802083 0.877083 0.804167 0.875 0.80625 0.875 0.810417 0.877083 0.8125 0.877083 0.816667 0.88125 0.820833 0.8875 0.820833 0.889583 0.822917 0.9 0.822917 0.902083 0.825 0.904167 0.825 0.90625 0.827083 0.908333 0.827083 0.910417 0.829167 0.9125 0.829167 0.914583 0.83125 0.916667 0.83125 0.922917 0.8375 0.927083 0.8375 0.929167 0.839583 0.93125 0.839583 0.933333 0.8375 0.933333 0.835417 0.9375 0.83125 0.9375 0.810417 0.935417 0.808333 0.933333 0.808333 0.929167 0.804167 0.93125 0.802083 0.93125 0.795833 0.929167 0.79375 0.929167 0.791667 0.927083 0.789583
1 0.83125 0.789583 0.822917 0.797917 0.822917 0.814583 0.83125 0.822917 0.833333 0.822917 0.835417 0.825 0.839583 0.825 0.841667 0.822917 0.847917 0.822917 0.85 0.820833 0.85625 0.820833 0.858333 0.81875 0.860417 0.81875 0.864583 0.814583 0.864583 0.8125 0.866667 0.810417 0.866667 0.802083 0.864583 0.8 0.8625 0.8 0.858333 0.795833 0.85625 0.795833 0.854167 0.79375 0.852083 0.79375 0.85 0.791667 0.847917 0.791667 0.845833 0.789583
1 0.222917 0.227083 0.220833 0.229167 0.216667 0.229167 0.214583 0.23125 0.210417 0.23125 0.208333 0.233333 0.20625 0.233333 0.204167 0.235417 0.202083 0.235417 0.202083 0.245833 0.2 0.247917 0.2 0.25 0.202083 0.252083 0.202083 0.260417 0.210417 0.26875 0.2125 0.26875 0.214583 0.270833 0.222917 0.270833 0.225 0.26875 0.225 0.266667 0.227083 0.264583 0.227083 0.2625 0.229167 0.260417 0.229167 0.258333 0.23125 0.25625 0.23125 0.254167 0.233333 0.252083 0.233333 0.24375 0.23125 0.241667 0.23125 0.233333 0.225 0.227083
1 0.279167 0.170833 0.275 0.175 0.272917 0.175 0.26875 0.179167 0.26875 0.1875 0.266667 0.189583 0.266667 0.19375 0.270833 0.197917 0.272917 0.197917 0.275 0.2 0.291667 0.2 0.29375 0.197917 0.3 0.197917 0.302083 0.195833 0.302083 0.19375 0.304167 0.191667 0.304167 0.1875 0.30625 0.185417 0.30625 0.18125 0.304167 0.179167 0.304167 0.177083 0.302083 0.175 0.302083 0.172917 0.3 0.170833
1 0.939583 0.10625 0.933333 0.1125 0.93125 0.1125 0.93125 0.114583 0.929167 0.116667 0.929167 0.122917 0.93125 0.125 0.93125 0.13125 0.933333 0.133333 0.935417 0.133333 0.9375 0.135417 0.947917 0.135417 0.95 0.133333 0.952083 0.133333 0.954167 0.13125 0.95625 0.13125 0.958333 0.129167 0.958333 0.114583 0.954167 0.110417 0.954167 0.108333 0.952083 0.10625
1 0.879167 0.1 0.877083 0.102083 0.872917 0.102083 0.86875 0.10625 0.866667 0.10625 0.866667 0.108333 0.864583 0.110417 0.864583 0.114583 0.8625 0.116667 0.8625 0.15 0.864583 0.152083 0.864583 0.160417 0.875 0.170833 0.877083 0.170833 0.879167 0.172917 0.8875 0.172917 0.889583 0.175 0.89375 0.175 0.902083 0.166667 0.902083 0.164583 0.904167 0.1625 0.904167 0.15625 0.90625 0.154167 0.90625 0.145833 0.908333 0.14375 0.908333 0.1375 0.910417 0.135417 0.91875 0.135417 0.920833 0.133333 0.922917 0.133333 0.925 0.13125 0.925 0.11875 0.922917 0.116667 0.922917 0.114583 0.920833 0.1125 0.920833 0.110417 0.916667 0.10625 0.916667 0.104167 0.914583 0.102083 0.8875 0.102083 0.885417 0.1
1 0.785417 0.0416667 0.78125 0.0458333 0.78125 0.0583333 0.783333 0.0604167 0.785417 0.0604167 0.7875 0.0625 0.789583 0.0625 0.791667 0.0645833 0.79375 0.0645833 0.797917 0.06875 0.797917 0.0708333 0.80625 0.0708333 0.808333 0.06875 0.808333 0.0666667 0.8125 0.0625 0.8125 0.0604167 0.814583 0.0583333 0.814583 0.0520833 0.8125 0.05 0.8125 0.0479167 0.810417 0.0458333 0.80625 0.0458333 0.804167 0.04375 0.802083 0.04375 0.8 0.0416667
1 0.58125 0 0.58125 0.01875 0.583333 0.0208333 0.583333 0.0229167 0.585417 0.025 0.585417 0.0270833 0.5875 0.0270833 0.589583 0.0291667 0.6 0.0291667 0.604167 0.025 0.604167 0.01875 0.60625 0.0166667 0.60625 0.0125 0.608333 0.0104167 0.608333 0.00625 0.610417 0.00416667 0.610417 0
2 0.879167 0.1 0.877083 0.102083 0.872917 0.102083 0.86875 0.10625 0.866667 0.10625 0.866667 0.108333 0.864583 0.110417 0.864583 0.114583 0.8625 0.116667 0.8625 0.15 0.864583 0.152083 0.864583 0.160417 0.875 0.170833 0.877083 0.170833 0.879167 0.172917 0.8875 0.172917 0.889583 0.175 0.914583 0.175 0.916667 0.177083 0.922917 0.177083 0.925 0.179167 0.933333 0.179167 0.935417 0.18125 0.941667 0.18125 0.94375 0.183333 0.95 0.183333 0.952083 0.185417 0.970833 0.185417 0.972917 0.183333 0.975 0.183333 0.975 0.18125 0.977083 0.179167 0.977083 0.177083 0.979167 0.175 0.979167 0.15625 0.98125 0.154167 0.98125 0.145833 0.979167 0.14375 0.979167 0.13125 0.977083 0.129167 0.977083 0.122917 0.975 0.120833 0.975 0.114583 0.972917 0.1125 0.972917 0.110417 0.970833 0.108333 0.96875 0.108333 0.964583 0.104167 0.958333 0.104167 0.95625 0.10625 0.922917 0.10625 0.920833 0.104167 0.916667 0.104167 0.914583 0.102083 0.8875 0.102083 0.885417 0.1
2 0.58125 0 0.577083 0.00416667 0.577083 0.00625 0.572917 0.0104167 0.572917 0.0166667 0.570833 0.01875 0.570833 0.0291667 0.577083 0.0354167 0.583333 0.0354167 0.585417 0.0375 0.585417 0.0395833 0.5875 0.0395833 0.589583 0.0416667 0.595833 0.0416667 0.597917 0.0395833 0.6 0.0395833 0.602083 0.0375 0.60625 0.0375 0.608333 0.0354167 0.610417 0.0354167 0.6125 0.0333333 0.625 0.0333333 0.629167 0.0291667 0.629167 0.0229167 0.627083 0.0208333 0.627083 0.0125 0.625 0.0104167 0.625 0
