1 0.36875 0.88125 0.366667 0.883333 0.364583 0.883333 0.3625 0.885417 0.360417 0.885417 0.358333 0.8875 0.35625 0.8875 0.354167 0.889583 0.354167 0.897917 0.352083 0.9 0.352083 0.9125 0.35 0.914583 0.35 0.929167 0.352083 0.93125 0.352083 0.933333 0.354167 0.935417 0.354167 0.9375 0.35625 0.939583 0.35625 0.94375 0.358333 0.945833 0.370833 0.945833 0.372917 0.947917 0.39375 0.947917 0.395833 0.945833 0.404167 0.945833 0.404167 0.94375 0.40625 0.941667 0.40625 0.9375 0.408333 0.935417 0.408333 0.929167 0.410417 0.927083 0.410417 0.922917 0.4125 0.920833 0.4125 0.914583 0.414583 0.9125 0.414583 0.904167 0.4125 0.902083 0.4125 0.9 0.410417 0.897917 0.410417 0.89375 0.408333 0.891667 0.408333 0.889583 0.40625 0.8875 0.40625 0.885417 0.402083 0.885417 0.4 0.883333 0.385417 0.883333 0.383333 0.88125
1 0.629167 0.870833 0.627083 0.872917 0.620833 0.872917 0.61875 0.875 0.610417 0.875 0.60625 0.879167 0.60625 0.88125 0.6 0.8875 0.6 0.897917 0.602083 0.9 0.602083 0.904167 0.604167 0.90625 0.604167 0.908333 0.60625 0.910417 0.60625 0.91875 0.604167 0.920833 0.604167 0.925 0.602083 0.927083 0.6 0.925 0.585417 0.925 0.583333 0.922917 0.572917 0.922917 0.572917 0.925 0.570833 0.927083 0.570833 0.929167 0.56875 0.93125 0.56875 0.935417 0.566667 0.9375 0.566667 0.972917 0.564583 0.975 0.564583 0.977083 0.566667 0.979167 0.566667 0.997917 0.6 0.997917 0.6 0.995833 0.602083 0.99375 0.602083 0.989583 0.604167 0.9875 0.604167 0.985417 0.60625 0.983333 0.60625 0.98125 0.614583 0.972917 0.616667 0.972917 0.620833 0.96875 0.622917 0.96875 0.639583 0.952083 0.639583 0.93125 0.641667 0.929167 0.641667 0.927083 0.647917 0.920833 0.666667 0.920833 0.66875 0.91875 0.670833 0.91875 0.672917 0.916667 0.675 0.916667 0.68125 0.910417 0.68125 0.908333 0.683333 0.90625 0.683333 0.904167 0.685417 0.902083 0.685417 0.89375 0.683333 0.891667 0.683333 0.8875 0.68125 0.885417 0.68125 0.883333 0.675 0.877083 0.666667 0.877083 0.664583 0.875 0.654167 0.875 0.652083 0.872917 0.641667 0.872917 0.639583 0.870833
1 0 0.78125 0 0.83125 0.00208333 0.83125 0.00416667 0.829167 0.00625 0.829167 0.00833333 0.827083 0.0125 0.827083 0.0145833 0.825 0.0166667 0.825 0.0166667 0.816667 0.01875 0.814583 0.01875 0.802083 0.0166667 0.8 0.0166667 0.797917 0.00208333 0.783333 0.00208333 0.78125
1 0.6875 0.714583 0.6875 0.747917 0.689583 0.745833 0.725 0.745833 0.727083 0.747917 0.733333 0.747917 0.735417 0.75 0.733333 0.752083 0.73125 0.752083 0.729167 0.754167 0.725 0.754167 0.722917 0.75625 0.69375 0.75625 0.691667 0.754167 0.677083 0.754167 0.677083 0.75625 0.679167 0.758333 0.679167 0.772917 0.689583 0.772917 0.691667 0.775 0.70625 0.775 0.708333 0.777083 0.71875 0.777083 0.720833 0.775 0.7375 0.775 0.7375 0.772917 0.74375 0.766667 0.74375 0.764583 0.745833 0.7625 0.745833 0.754167 0.747917 0.752083 0.739583 0.752083 0.7375 0.75 0.7375 0.747917 0.739583 0.745833 0.741667 0.745833 0.74375 0.74375 0.745833 0.74375 0.747917 0.741667 0.747917 0.720833 0.741667 0.714583
1 0.666667 0.7125 0.664583 0.714583 0.65625 0.714583 0.654167 0.716667 0.65 0.716667 0.64375 0.722917 0.64375 0.725 0.645833 0.727083 0.645833 0.73125 0.647917 0.733333 0.647917 0.735417 0.652083 0.739583 0.654167 0.739583 0.660417 0.745833 0.672917 0.745833 0.679167 0.739583 0.679167 0.725 0.677083 0.722917 0.677083 0.716667 0.675 0.714583 0.672917 0.714583 0.670833 0.7125
1 0.7875 0.66875 0.78125 0.675 0.779167 0.675 0.777083 0.677083 0.777083 0.679167 0.775 0.68125 0.775 0.6875 0.777083 0.689583 0.777083 0.69375 0.779167 0.695833 0.779167 0.697917 0.791667 0.697917 0.795833 0.69375 0.797917 0.69375 0.797917 0.691667 0.8 0.689583 0.8 0.6875 0.802083 0.685417 0.802083 0.675 0.797917 0.670833 0.79375 0.670833 0.791667 0.66875
1 0.591667 0.608333 0.589583 0.610417 0.577083 0.610417 0.577083 0.6375 0.579167 0.639583 0.579167 0.654167 0.577083 0.65625 0.577083 0.68125 0.579167 0.683333 0.579167 0.6875 0.6 0.6875 0.602083 0.685417 0.608333 0.685417 0.608333 0.679167 0.610417 0.677083 0.610417 0.670833 0.6125 0.66875 0.6125 0.65625 0.616667 0.652083 0.620833 0.652083 0.622917 0.654167 0.633333 0.654167 0.635417 0.652083 0.641667 0.652083 0.64375 0.654167 0.64375 0.65625 0.641667 0.658333 0.641667 0.68125 0.639583 0.683333 0.639583 0.685417 0.6375 0.6875 0.6375 0.689583 0.639583 0.691667 0.639583 0.69375 0.64375 0.697917 0.65 0.697917 0.652083 0.695833 0.654167 0.695833 0.6625 0.6875 0.664583 0.6875 0.664583 0.683333 0.666667 0.68125 0.666667 0.654167 0.664583 0.652083 0.664583 0.629167 0.6625 0.627083 0.6625 0.625 0.660417 0.622917 0.660417 0.620833 0.658333 0.61875 0.658333 0.616667 0.65625 0.614583 0.65 0.614583 0.647917 0.6125 0.63125 0.6125 0.629167 0.610417 0.6125 0.610417 0.610417 0.608333
1 0.985417 0.125 0.983333 0.127083 0.972917 0.127083 0.972917 0.139583 0.970833 0.141667 0.970833 0.145833 0.96875 0.147917 0.96875 0.152083 0.966667 0.154167 0.966667 0.15625 0.964583 0.158333 0.964583 0.16875 0.966667 0.170833 0.966667 0.172917 0.964583 0.175 0.964583 0.185417 0.966667 0.1875 0.966667 0.195833 0.96875 0.197917 0.970833 0.197917 0.972917 0.2 0.975 0.2 0.977083 0.202083 0.98125 0.202083 0.985417 0.20625 0.9875 0.20625 0.989583 0.208333 0.991667 0.20625 0.997917 0.20625 0.997917 0.129167 0.99375 0.125
1 0.96875 0.06875 0.966667 0.0708333 0.960417 0.0708333 0.954167 0.0770833 0.954167 0.09375 0.95625 0.0958333 0.95625 0.0979167 0.9625 0.104167 0.964583 0.104167 0.96875 0.1 0.970833 0.1 0.972917 0.0979167 0.975 0.0979167 0.977083 0.0958333 0.979167 0.0958333 0.98125 0.09375 0.98125 0.0916667 0.985417 0.0875 0.985417 0.0854167 0.9875 0.0833333 0.9875 0.08125 0.985417 0.0791667 0.985417 0.0729167 0.983333 0.0708333 0.972917 0.0708333 0.970833 0.06875
1 0.99375 0.0291667 0.991667 0.03125 0.98125 0.03125 0.98125 0.0541667 0.985417 0.0583333 0.985417 0.0604167 0.991667 0.0666667 0.99375 0.0666667 0.995833 0.06875 0.997917 0.06875 0.997917 0.0291667
1 0.93125 0 0.93125 0.00625 0.933333 0.00833333 0.933333 0.0104167 0.935417 0.0125 0.9375 0.0125 0.941667 0.0166667 0.945833 0.0166667 0.947917 0.0145833 0.95 0.0145833 0.952083 0.0125 0.954167 0.0125 0.95625 0.0104167 0.95625 0.00625 0.958333 0.00416667 0.958333 0
2 0.629167 0.870833 0.627083 0.872917 0.620833 0.872917 0.61875 0.875 0.610417 0.875 0.60625 0.879167 0.60625 0.88125 0.6 0.8875 0.6 0.897917 0.602083 0.9 0.602083 0.904167 0.604167 0.90625 0.604167 0.908333 0.60625 0.910417 0.60625 0.9125 0.604167 0.914583 0.604167 0.91875 0.602083 0.920833 0.602083 0.922917 0.6 0.925 0.585417 0.925 0.583333 0.922917 0.572917 0.922917 0.572917 0.925 0.570833 0.927083 0.570833 0.929167 0.56875 0.93125 0.56875 0.935417 0.566667 0.9375 0.566667 0.972917 0.564583 0.975 0.564583 0.977083 0.566667 0.979167 0.566667 0.997917 0.689583 0.997917 0.689583 0.9875 0.6875 0.985417 0.6875 0.975 0.685417 0.972917 0.685417 0.960417 0.6875 0.958333 0.6875 0.95625 0.689583 0.954167 0.689583 0.952083 0.69375 0.947917 0.69375 0.945833 0.710417 0.929167 0.7125 0.929167 0.714583 0.927083 0.725 0.927083 0.727083 0.925 0.745833 0.925 0.747917 0.922917 0.75 0.922917 0.752083 0.920833 0.754167 0.920833 0.75625 0.91875 0.758333 0.91875 0.758333 0.916667 0.760417 0.914583 0.760417 0.904167 0.758333 0.902083 0.758333 0.897917 0.75625 0.895833 0.75625 0.891667 0.754167 0.889583 0.754167 0.879167 0.752083 0.877083 0.752083 0.875 0.735417 0.875 0.733333 0.872917 0.683333 0.872917 0.677083 0.879167 0.675 0.877083 0.666667 0.877083 0.664583 0.875 0.654167 0.875 0.652083 0.872917 0.641667 0.872917 0.639583 0.870833
2 0 0.78125 0 0.866667 0.00208333 0.866667 0.00208333 0.864583 0.00416667 0.8625 0.00416667 0.860417 0.00833333 0.85625 0.0375 0.85625 0.0395833 0.854167 0.0458333 0.854167 0.0479167 0.852083 0.0541667 0.852083 0.0541667 0.84375 0.05625 0.841667 0.05625 0.822917 0.0583333 0.820833 0.0583333 0.814583 0.05625 0.814583 0.0541667 0.8125 0.05 0.8125 0.0479167 0.810417 0.04375 0.810417 0.0416667 0.808333 0.0375 0.808333 0.0354167 0.80625 0.03125 0.80625 0.0291667 0.804167 0.0229167 0.804167 0.0208333 0.802083 0.01875 0.802083 0.0166667 0.8 0.0166667 0.797917 0.00208333 0.783333 0.00208333 0.78125
