1 0.454167 0.847917 0.452083 0.85 0.45 0.85 0.447917 0.852083 0.447917 0.85625 0.445833 0.858333 0.445833 0.8625 0.44375 0.864583 0.44375 0.866667 0.441667 0.86875 0.441667 0.872917 0.439583 0.875 0.439583 0.877083 0.441667 0.879167 0.441667 0.883333 0.445833 0.8875 0.447917 0.8875 0.45 0.889583 0.454167 0.889583 0.45625 0.891667 0.479167 0.891667 0.48125 0.889583 0.485417 0.889583 0.485417 0.8875 0.4875 0.885417 0.4875 0.883333 0.489583 0.88125 0.489583 0.872917 0.491667 0.870833 0.491667 0.864583 0.49375 0.8625 0.49375 0.858333 0.491667 0.85625 0.4875 0.85625 0.485417 0.854167 0.479167 0.854167 0.477083 0.852083 0.472917 0.852083 0.470833 0.85 0.460417 0.85 0.458333 0.847917
1 0.175 0.708333 0.16875 0.714583 0.16875 0.71875 0.166667 0.720833 0.166667 0.7375 0.1625 0.741667 0.1625 0.74375 0.158333 0.747917 0.158333 0.75 0.15625 0.752083 0.15625 0.75625 0.154167 0.758333 0.154167 0.760417 0.152083 0.7625 0.152083 0.770833 0.154167 0.772917 0.154167 0.78125 0.15625 0.783333 0.15625 0.785417 0.158333 0.7875 0.158333 0.789583 0.160417 0.789583 0.1625 0.791667 0.164583 0.791667 0.166667 0.79375 0.16875 0.79375 0.170833 0.795833 0.175 0.795833 0.177083 0.797917 0.18125 0.797917 0.183333 0.8 0.185417 0.8 0.1875 0.802083 0.191667 0.802083 0.19375 0.804167 0.195833 0.804167 0.197917 0.80625 0.202083 0.80625 0.204167 0.808333 0.20625 0.808333 0.208333 0.810417 0.222917 0.810417 0.225 0.808333 0.227083 0.808333 0.23125 0.804167 0.233333 0.804167 0.233333 0.783333 0.23125 0.783333 0.229167 0.78125 0.227083 0.78125 0.225 0.779167 0.222917 0.779167 0.220833 0.777083 0.21875 0.777083 0.216667 0.775 0.214583 0.775 0.208333 0.76875 0.208333 0.766667 0.204167 0.7625 0.204167 0.754167 0.202083 0.752083 0.202083 0.727083 0.197917 0.722917 0.197917 0.720833 0.19375 0.716667 0.19375 0.714583 0.1875 0.708333
1 0.839583 0.233333 0.8375 0.235417 0.83125 0.235417 0.829167 0.2375 0.827083 0.2375 0.825 0.239583 0.822917 0.239583 0.81875 0.24375 0.816667 0.24375 0.814583 0.245833 0.8125 0.245833 0.8125 0.264583 0.814583 0.266667 0.814583 0.2875 0.816667 0.289583 0.816667 0.29375 0.81875 0.295833 0.81875 0.297917 0.820833 0.3 0.820833 0.302083 0.833333 0.314583 0.852083 0.314583 0.854167 0.3125 0.860417 0.3125 0.8625 0.310417 0.866667 0.310417 0.866667 0.308333 0.86875 0.30625 0.86875 0.304167 0.870833 0.302083 0.870833 0.3 0.872917 0.297917 0.872917 0.295833 0.875 0.29375 0.875 0.289583 0.877083 0.2875 0.877083 0.279167 0.879167 0.277083 0.879167 0.275 0.877083 0.275 0.86875 0.266667 0.866667 0.266667 0.858333 0.258333 0.858333 0.25625 0.85625 0.254167 0.85625 0.252083 0.854167 0.25 0.854167 0.247917 0.852083 0.245833 0.852083 0.24375 0.841667 0.233333
1 0.347917 0.222917 0.335417 0.235417 0.335417 0.24375 0.333333 0.245833 0.333333 0.25 0.335417 0.252083 0.335417 0.254167 0.3375 0.25625 0.3375 0.258333 0.339583 0.260417 0.339583 0.2625 0.341667 0.264583 0.34375 0.264583 0.347917 0.26875 0.35 0.26875 0.352083 0.270833 0.354167 0.270833 0.358333 0.275 0.3625 0.270833 0.364583 0.270833 0.377083 0.258333 0.377083 0.25625 0.38125 0.252083 0.38125 0.2375 0.372917 0.229167 0.366667 0.229167 0.364583 0.23125 0.358333 0.23125 0.354167 0.227083 0.352083 0.227083
1 0.420833 0.183333 0.41875 0.185417 0.41875 0.1875 0.4125 0.19375 0.4125 0.195833 0.410417 0.197917 0.408333 0.197917 0.404167 0.202083 0.402083 0.202083 0.4 0.204167 0.397917 0.204167 0.395833 0.20625 0.395833 0.216667 0.39375 0.21875 0.39375 0.220833 0.395833 0.222917 0.395833 0.225 0.397917 0.227083 0.397917 0.229167 0.4 0.23125 0.4 0.233333 0.402083 0.235417 0.402083 0.2375 0.404167 0.239583 0.404167 0.241667 0.40625 0.241667 0.408333 0.24375 0.410417 0.24375 0.4125 0.245833 0.414583 0.245833 0.416667 0.247917 0.420833 0.247917 0.422917 0.25 0.425 0.25 0.427083 0.247917 0.429167 0.247917 0.435417 0.241667 0.4375 0.241667 0.452083 0.227083 0.452083 0.225 0.45 0.222917 0.45 0.20625 0.447917 0.204167 0.447917 0.197917 0.445833 0.195833 0.445833 0.189583 0.441667 0.185417 0.439583 0.185417 0.4375 0.183333
1 0.183333 0.13125 0.183333 0.135417 0.18125 0.1375 0.18125 0.154167 0.195833 0.154167 0.197917 0.15625 0.197917 0.158333 0.195833 0.160417 0.195833 0.1625 0.210417 0.177083 0.2125 0.177083 0.216667 0.172917 0.216667 0.170833 0.229167 0.158333 0.23125 0.158333 0.235417 0.154167 0.235417 0.152083 0.233333 0.15 0.233333 0.145833 0.229167 0.141667 0.229167 0.139583 0.227083 0.1375 0.222917 0.1375 0.220833 0.135417 0.21875 0.135417 0.2125 0.141667 0.210417 0.141667 0.202083 0.15 0.2 0.15 0.197917 0.147917 0.197917 0.135417 0.19375 0.13125
1 0.195833 0.15 0.197917 0.147917 0.2 0.15 0.197917 0.152083
1 0.1375 0.0145833 0.135417 0.0166667 0.133333 0.0166667 0.13125 0.01875 0.129167 0.01875 0.129167 0.025 0.127083 0.0270833 0.122917 0.0270833 0.120833 0.025 0.120833 0.01875 0.116667 0.01875 0.114583 0.0166667 0.1125 0.0166667 0.108333 0.0208333 0.10625 0.0208333 0.102083 0.025 0.102083 0.0270833 0.1 0.0291667 0.1 0.0333333 0.102083 0.0354167 0.102083 0.0416667 0.104167 0.04375 0.104167 0.05 0.10625 0.0520833 0.1125 0.0520833 0.114583 0.05 0.13125 0.05 0.133333 0.0479167 0.135417 0.0479167 0.139583 0.04375 0.139583 0.0416667 0.14375 0.0375 0.14375 0.0229167 0.141667 0.0208333 0.141667 0.01875
1 0.98125 0 0.9875 0 0.989583 0.00208333 0.99375 0.00208333 0.995833 0.00416667 0.997917 0.00416667 0.997917 0
1 0.914583 0 0.916667 0.00208333 0.916667 0.00416667 0.920833 0.00833333 0.935417 0.00833333 0.9375 0.0104167 0.94375 0.0104167 0.945833 0.00833333 0.945833 0.00625 0.947917 0.00416667 0.947917 0.00208333 0.95 0
2 0.914583 0 0.916667 0.00208333 0.916667 0.00416667 0.920833 0.00833333 0.935417 0.00833333 0.9375 0.0104167 0.947917 0.0104167 0.95 0.0125 0.952083 0.0125 0.954167 0.0145833 0.95625 0.0145833 0.958333 0.0166667 0.960417 0.0166667 0.9625 0.01875 0.964583 0.01875 0.966667 0.0208333 0.970833 0.0208333 0.972917 0.0229167 0.977083 0.0229167 0.979167 0.025 0.983333 0.025 0.985417 0.0270833 0.989583 0.0270833 0.991667 0.0291667 0.997917 0.0291667 0.997917 0
